100
1 1 0
1 2 220
1 3 168
1 4 7
1 5 143
1 6 104
1 7 29
1 8 154
1 9 173
1 10 74
1 11 185
1 12 213
1 13 145
1 14 13
1 15 106
1 16 199
1 17 91
1 18 40
1 19 59
1 20 41
1 21 26
1 22 59
1 23 63
1 24 54
1 25 57
1 26 147
1 27 120
1 28 49
1 29 102
1 30 157
1 31 129
1 32 49
1 33 76
1 34 104
1 35 205
1 36 218
1 37 172
1 38 99
1 39 46
1 40 28
1 41 94
1 42 159
1 43 228
1 44 36
1 45 82
1 46 96
1 47 105
1 48 57
1 49 116
1 50 198
1 51 120
1 52 108
1 53 250
1 54 84
1 55 173
1 56 25
1 57 237
1 58 38
1 59 16
1 60 97
1 61 79
1 62 191
1 63 152
1 64 180
1 65 34
1 66 146
1 67 95
1 68 71
1 69 19
1 70 199
1 71 149
1 72 84
1 73 33
1 74 153
1 75 8
1 76 218
1 77 0
1 78 86
1 79 27
1 80 46
1 81 133
1 82 29
1 83 3
1 84 131
1 85 69
1 86 94
1 87 179
1 88 161
1 89 113
1 90 75
1 91 121
1 92 22
1 93 71
1 94 155
1 95 187
1 96 160
1 97 18
1 98 175
1 99 34
1 100 111
2 1 220
2 2 0
2 3 6
2 4 134
2 5 197
2 6 143
2 7 167
2 8 244
2 9 136
2 10 103
2 11 73
2 12 188
2 13 23
2 14 34
2 15 242
2 16 248
2 17 47
2 18 112
2 19 42
2 20 7
2 21 254
2 22 129
2 23 118
2 24 233
2 25 145
2 26 198
2 27 116
2 28 233
2 29 10
2 30 97
2 31 15
2 32 169
2 33 65
2 34 129
2 35 136
2 36 70
2 37 78
2 38 43
2 39 242
2 40 18
2 41 87
2 42 92
2 43 161
2 44 156
2 45 217
2 46 47
2 47 155
2 48 108
2 49 55
2 50 209
2 51 253
2 52 19
2 53 224
2 54 152
2 55 220
2 56 156
2 57 201
2 58 136
2 59 198
2 60 158
2 61 101
2 62 205
2 63 167
2 64 102
2 65 107
2 66 108
2 67 147
2 68 128
2 69 71
2 70 208
2 71 76
2 72 224
2 73 169
2 74 8
2 75 208
2 76 151
2 77 117
2 78 191
2 79 226
2 80 200
2 81 229
2 82 130
2 83 248
2 84 1073741824
2 85 1073741824
2 86 168
2 87 245
2 88 7
2 89 53
2 90 150
2 91 183
2 92 196
2 93 26
2 94 209
2 95 50
2 96 211
2 97 19
2 98 24
2 99 88
2 100 212
3 1 168
3 2 6
3 3 0
3 4 90
3 5 170
3 6 73
3 7 119
3 8 5
3 9 80
3 10 196
3 11 113
3 12 33
3 13 32
3 14 101
3 15 242
3 16 141
3 17 13
3 18 32
3 19 39
3 20 161
3 21 16
3 22 11
3 23 53
3 24 30
3 25 87
3 26 155
3 27 5
3 28 148
3 29 84
3 30 93
3 31 183
3 32 218
3 33 89
3 34 233
3 35 186
3 36 150
3 37 254
3 38 150
3 39 128
3 40 185
3 41 31
3 42 40
3 43 154
3 44 142
3 45 251
3 46 1
3 47 95
3 48 254
3 49 26
3 50 125
3 51 1073741824
3 52 159
3 53 130
3 54 113
3 55 114
3 56 30
3 57 76
3 58 249
3 59 72
3 60 161
3 61 1073741824
3 62 126
3 63 126
3 64 157
3 65 237
3 66 177
3 67 183
3 68 38
3 69 14
3 70 129
3 71 144
3 72 85
3 73 43
3 74 143
3 75 95
3 76 130
3 77 23
3 78 133
3 79 5
3 80 183
3 81 11
3 82 32
3 83 253
3 84 133
3 85 103
3 86 19
3 87 235
3 88 92
3 89 63
3 90 85
3 91 97
3 92 131
3 93 28
3 94 151
3 95 180
3 96 89
3 97 252
3 98 10
3 99 73
3 100 1073741824
4 1 7
4 2 134
4 3 90
4 4 0
4 5 151
4 6 49
4 7 145
4 8 101
4 9 2
4 10 60
4 11 147
4 12 100
4 13 80
4 14 22
4 15 144
4 16 76
4 17 114
4 18 14
4 19 231
4 20 176
4 21 196
4 22 206
4 23 179
4 24 176
4 25 239
4 26 161
4 27 52
4 28 187
4 29 139
4 30 17
4 31 202
4 32 47
4 33 182
4 34 248
4 35 29
4 36 233
4 37 207
4 38 193
4 39 48
4 40 4
4 41 230
4 42 1073741824
4 43 241
4 44 159
4 45 251
4 46 32
4 47 84
4 48 69
4 49 210
4 50 116
4 51 43
4 52 90
4 53 90
4 54 72
4 55 210
4 56 170
4 57 244
4 58 23
4 59 254
4 60 233
4 61 239
4 62 3
4 63 89
4 64 214
4 65 203
4 66 164
4 67 168
4 68 121
4 69 27
4 70 209
4 71 15
4 72 46
4 73 217
4 74 113
4 75 132
4 76 21
4 77 168
4 78 252
4 79 167
4 80 182
4 81 97
4 82 174
4 83 157
4 84 148
4 85 45
4 86 47
4 87 38
4 88 13
4 89 231
4 90 1073741824
4 91 97
4 92 36
4 93 142
4 94 148
4 95 54
4 96 237
4 97 234
4 98 229
4 99 75
4 100 133
5 1 143
5 2 197
5 3 170
5 4 151
5 5 0
5 6 36
5 7 62
5 8 155
5 9 210
5 10 14
5 11 50
5 12 166
5 13 190
5 14 187
5 15 243
5 16 226
5 17 18
5 18 5
5 19 220
5 20 182
5 21 81
5 22 159
5 23 174
5 24 30
5 25 1
5 26 179
5 27 37
5 28 18
5 29 23
5 30 122
5 31 140
5 32 49
5 33 177
5 34 150
5 35 202
5 36 120
5 37 176
5 38 239
5 39 150
5 40 36
5 41 7
5 42 150
5 43 118
5 44 83
5 45 255
5 46 221
5 47 178
5 48 110
5 49 137
5 50 189
5 51 217
5 52 179
5 53 145
5 54 113
5 55 125
5 56 138
5 57 178
5 58 177
5 59 15
5 60 62
5 61 91
5 62 35
5 63 111
5 64 61
5 65 218
5 66 212
5 67 117
5 68 198
5 69 179
5 70 251
5 71 18
5 72 249
5 73 235
5 74 116
5 75 56
5 76 146
5 77 18
5 78 41
5 79 140
5 80 2
5 81 166
5 82 163
5 83 162
5 84 171
5 85 42
5 86 82
5 87 112
5 88 68
5 89 58
5 90 223
5 91 243
5 92 74
5 93 176
5 94 16
5 95 218
5 96 111
5 97 45
5 98 224
5 99 73
5 100 241
6 1 104
6 2 143
6 3 73
6 4 49
6 5 36
6 6 0
6 7 118
6 8 1073741824
6 9 143
6 10 203
6 11 120
6 12 129
6 13 165
6 14 182
6 15 131
6 16 95
6 17 97
6 18 35
6 19 106
6 20 162
6 21 24
6 22 106
6 23 27
6 24 186
6 25 217
6 26 65
6 27 185
6 28 69
6 29 22
6 30 61
6 31 74
6 32 60
6 33 175
6 34 126
6 35 235
6 36 85
6 37 59
6 38 215
6 39 30
6 40 137
6 41 159
6 42 210
6 43 21
6 44 63
6 45 88
6 46 198
6 47 93
6 48 146
6 49 166
6 50 175
6 51 185
6 52 218
6 53 9
6 54 144
6 55 203
6 56 167
6 57 108
6 58 76
6 59 25
6 60 174
6 61 78
6 62 156
6 63 187
6 64 65
6 65 200
6 66 56
6 67 126
6 68 187
6 69 9
6 70 55
6 71 49
6 72 12
6 73 156
6 74 100
6 75 42
6 76 108
6 77 83
6 78 172
6 79 192
6 80 180
6 81 103
6 82 78
6 83 68
6 84 177
6 85 153
6 86 171
6 87 11
6 88 173
6 89 85
6 90 230
6 91 239
6 92 127
6 93 227
6 94 149
6 95 94
6 96 111
6 97 124
6 98 239
6 99 200
6 100 219
7 1 29
7 2 167
7 3 119
7 4 145
7 5 62
7 6 118
7 7 0
7 8 17
7 9 113
7 10 198
7 11 8
7 12 184
7 13 35
7 14 201
7 15 47
7 16 87
7 17 147
7 18 83
7 19 3
7 20 193
7 21 93
7 22 27
7 23 117
7 24 71
7 25 140
7 26 142
7 27 109
7 28 12
7 29 187
7 30 6
7 31 88
7 32 88
7 33 139
7 34 221
7 35 98
7 36 133
7 37 115
7 38 166
7 39 73
7 40 113
7 41 232
7 42 8
7 43 86
7 44 113
7 45 222
7 46 240
7 47 216
7 48 16
7 49 233
7 50 207
7 51 70
7 52 124
7 53 87
7 54 226
7 55 192
7 56 60
7 57 225
7 58 95
7 59 34
7 60 167
7 61 181
7 62 122
7 63 106
7 64 189
7 65 1
7 66 227
7 67 38
7 68 137
7 69 79
7 70 99
7 71 70
7 72 185
7 73 229
7 74 232
7 75 182
7 76 76
7 77 244
7 78 130
7 79 30
7 80 246
7 81 17
7 82 238
7 83 195
7 84 250
7 85 107
7 86 35
7 87 253
7 88 165
7 89 193
7 90 46
7 91 165
7 92 107
7 93 202
7 94 60
7 95 181
7 96 75
7 97 149
7 98 65
7 99 58
7 100 176
8 1 154
8 2 244
8 3 5
8 4 101
8 5 155
8 6 1073741824
8 7 17
8 8 0
8 9 221
8 10 223
8 11 56
8 12 70
8 13 87
8 14 248
8 15 120
8 16 31
8 17 149
8 18 111
8 19 22
8 20 85
8 21 125
8 22 141
8 23 91
8 24 160
8 25 85
8 26 157
8 27 72
8 28 14
8 29 225
8 30 105
8 31 175
8 32 37
8 33 39
8 34 24
8 35 216
8 36 115
8 37 141
8 38 80
8 39 130
8 40 169
8 41 181
8 42 237
8 43 247
8 44 38
8 45 138
8 46 187
8 47 91
8 48 7
8 49 185
8 50 74
8 51 142
8 52 1073741824
8 53 70
8 54 139
8 55 177
8 56 41
8 57 72
8 58 237
8 59 86
8 60 160
8 61 43
8 62 95
8 63 129
8 64 79
8 65 135
8 66 84
8 67 35
8 68 252
8 69 12
8 70 187
8 71 137
8 72 173
8 73 63
8 74 153
8 75 242
8 76 254
8 77 149
8 78 233
8 79 77
8 80 218
8 81 89
8 82 182
8 83 123
8 84 110
8 85 126
8 86 137
8 87 150
8 88 97
8 89 21
8 90 243
8 91 53
8 92 105
8 93 28
8 94 106
8 95 19
8 96 129
8 97 251
8 98 113
8 99 46
8 100 66
9 1 173
9 2 136
9 3 80
9 4 2
9 5 210
9 6 143
9 7 113
9 8 221
9 9 0
9 10 146
9 11 61
9 12 70
9 13 67
9 14 222
9 15 235
9 16 178
9 17 102
9 18 47
9 19 123
9 20 156
9 21 56
9 22 189
9 23 150
9 24 206
9 25 33
9 26 233
9 27 206
9 28 133
9 29 20
9 30 142
9 31 187
9 32 221
9 33 151
9 34 191
9 35 148
9 36 84
9 37 123
9 38 186
9 39 65
9 40 47
9 41 45
9 42 140
9 43 20
9 44 83
9 45 186
9 46 109
9 47 238
9 48 101
9 49 155
9 50 152
9 51 8
9 52 131
9 53 134
9 54 30
9 55 10
9 56 178
9 57 51
9 58 188
9 59 149
9 60 113
9 61 121
9 62 79
9 63 176
9 64 49
9 65 96
9 66 72
9 67 1073741824
9 68 117
9 69 1073741824
9 70 20
9 71 174
9 72 212
9 73 73
9 74 41
9 75 41
9 76 183
9 77 69
9 78 147
9 79 66
9 80 15
9 81 23
9 82 147
9 83 103
9 84 230
9 85 105
9 86 14
9 87 5
9 88 249
9 89 252
9 90 181
9 91 70
9 92 13
9 93 63
9 94 199
9 95 170
9 96 173
9 97 113
9 98 227
9 99 210
9 100 143
10 1 74
10 2 103
10 3 196
10 4 60
10 5 14
10 6 203
10 7 198
10 8 223
10 9 146
10 10 0
10 11 9
10 12 83
10 13 8
10 14 229
10 15 248
10 16 111
10 17 212
10 18 16
10 19 98
10 20 217
10 21 53
10 22 87
10 23 12
10 24 129
10 25 73
10 26 94
10 27 53
10 28 164
10 29 134
10 30 204
10 31 241
10 32 70
10 33 253
10 34 28
10 35 182
10 36 246
10 37 125
10 38 147
10 39 204
10 40 172
10 41 172
10 42 171
10 43 67
10 44 169
10 45 166
10 46 141
10 47 246
10 48 160
10 49 178
10 50 221
10 51 179
10 52 152
10 53 100
10 54 135
10 55 12
10 56 205
10 57 197
10 58 35
10 59 149
10 60 23
10 61 67
10 62 22
10 63 1
10 64 182
10 65 183
10 66 165
10 67 170
10 68 105
10 69 53
10 70 132
10 71 172
10 72 62
10 73 83
10 74 123
10 75 47
10 76 104
10 77 124
10 78 53
10 79 189
10 80 186
10 81 194
10 82 173
10 83 225
10 84 192
10 85 142
10 86 156
10 87 31
10 88 240
10 89 129
10 90 159
10 91 136
10 92 173
10 93 14
10 94 11
10 95 85
10 96 13
10 97 105
10 98 13
10 99 89
10 100 166
11 1 185
11 2 73
11 3 113
11 4 147
11 5 50
11 6 120
11 7 8
11 8 56
11 9 61
11 10 9
11 11 0
11 12 155
11 13 103
11 14 97
11 15 181
11 16 76
11 17 217
11 18 229
11 19 29
11 20 240
11 21 1073741824
11 22 51
11 23 230
11 24 84
11 25 44
11 26 6
11 27 218
11 28 89
11 29 159
11 30 222
11 31 38
11 32 238
11 33 67
11 34 14
11 35 79
11 36 206
11 37 138
11 38 117
11 39 226
11 40 168
11 41 188
11 42 37
11 43 80
11 44 29
11 45 5
11 46 137
11 47 174
11 48 44
11 49 211
11 50 83
11 51 127
11 52 135
11 53 103
11 54 2
11 55 11
11 56 157
11 57 157
11 58 231
11 59 14
11 60 102
11 61 136
11 62 64
11 63 239
11 64 109
11 65 49
11 66 110
11 67 106
11 68 66
11 69 54
11 70 164
11 71 120
11 72 146
11 73 141
11 74 140
11 75 7
11 76 244
11 77 174
11 78 12
11 79 42
11 80 234
11 81 126
11 82 80
11 83 214
11 84 68
11 85 28
11 86 215
11 87 111
11 88 238
11 89 108
11 90 33
11 91 56
11 92 140
11 93 210
11 94 201
11 95 86
11 96 156
11 97 80
11 98 70
11 99 128
11 100 188
12 1 213
12 2 188
12 3 33
12 4 100
12 5 166
12 6 129
12 7 184
12 8 70
12 9 70
12 10 83
12 11 155
12 12 0
12 13 184
12 14 116
12 15 134
12 16 173
12 17 33
12 18 239
12 19 109
12 20 1073741824
12 21 88
12 22 197
12 23 71
12 24 79
12 25 147
12 26 72
12 27 169
12 28 56
12 29 221
12 30 205
12 31 84
12 32 223
12 33 141
12 34 21
12 35 142
12 36 194
12 37 47
12 38 96
12 39 46
12 40 83
12 41 206
12 42 93
12 43 161
12 44 28
12 45 135
12 46 107
12 47 100
12 48 151
12 49 93
12 50 116
12 51 208
12 52 157
12 53 3
12 54 186
12 55 242
12 56 54
12 57 238
12 58 124
12 59 178
12 60 150
12 61 131
12 62 91
12 63 144
12 64 166
12 65 39
12 66 97
12 67 150
12 68 59
12 69 65
12 70 14
12 71 72
12 72 57
12 73 97
12 74 79
12 75 148
12 76 147
12 77 43
12 78 204
12 79 106
12 80 237
12 81 210
12 82 205
12 83 78
12 84 137
12 85 66
12 86 8
12 87 101
12 88 74
12 89 128
12 90 100
12 91 127
12 92 249
12 93 111
12 94 171
12 95 192
12 96 1073741824
12 97 44
12 98 131
12 99 83
12 100 145
13 1 145
13 2 23
13 3 32
13 4 80
13 5 190
13 6 165
13 7 35
13 8 87
13 9 67
13 10 8
13 11 103
13 12 184
13 13 0
13 14 233
13 15 169
13 16 100
13 17 158
13 18 142
13 19 197
13 20 130
13 21 65
13 22 13
13 23 84
13 24 81
13 25 164
13 26 78
13 27 127
13 28 121
13 29 124
13 30 51
13 31 245
13 32 94
13 33 72
13 34 218
13 35 130
13 36 85
13 37 147
13 38 124
13 39 116
13 40 184
13 41 142
13 42 13
13 43 49
13 44 98
13 45 45
13 46 91
13 47 182
13 48 63
13 49 233
13 50 81
13 51 186
13 52 184
13 53 77
13 54 1
13 55 69
13 56 167
13 57 5
13 58 37
13 59 60
13 60 39
13 61 166
13 62 22
13 63 128
13 64 159
13 65 178
13 66 94
13 67 219
13 68 66
13 69 143
13 70 115
13 71 253
13 72 168
13 73 20
13 74 124
13 75 154
13 76 68
13 77 107
13 78 38
13 79 176
13 80 153
13 81 250
13 82 87
13 83 83
13 84 135
13 85 34
13 86 250
13 87 89
13 88 101
13 89 249
13 90 3
13 91 15
13 92 1073741824
13 93 1073741824
13 94 170
13 95 141
13 96 129
13 97 128
13 98 230
13 99 183
13 100 62
14 1 13
14 2 34
14 3 101
14 4 22
14 5 187
14 6 182
14 7 201
14 8 248
14 9 222
14 10 229
14 11 97
14 12 116
14 13 233
14 14 0
14 15 240
14 16 61
14 17 100
14 18 64
14 19 13
14 20 189
14 21 206
14 22 219
14 23 37
14 24 211
14 25 82
14 26 126
14 27 113
14 28 47
14 29 91
14 30 71
14 31 47
14 32 1073741824
14 33 107
14 34 121
14 35 229
14 36 217
14 37 217
14 38 1073741824
14 39 194
14 40 178
14 41 93
14 42 112
14 43 98
14 44 61
14 45 149
14 46 145
14 47 8
14 48 156
14 49 81
14 50 49
14 51 25
14 52 46
14 53 3
14 54 242
14 55 40
14 56 31
14 57 161
14 58 86
14 59 115
14 60 72
14 61 91
14 62 1073741824
14 63 16
14 64 96
14 65 145
14 66 220
14 67 224
14 68 157
14 69 110
14 70 51
14 71 0
14 72 98
14 73 106
14 74 45
14 75 211
14 76 111
14 77 147
14 78 27
14 79 183
14 80 73
14 81 150
14 82 55
14 83 116
14 84 227
14 85 49
14 86 3
14 87 173
14 88 24
14 89 97
14 90 125
14 91 255
14 92 168
14 93 178
14 94 123
14 95 12
14 96 59
14 97 47
14 98 94
14 99 208
14 100 15
15 1 106
15 2 242
15 3 242
15 4 144
15 5 243
15 6 131
15 7 47
15 8 120
15 9 235
15 10 248
15 11 181
15 12 134
15 13 169
15 14 240
15 15 0
15 16 156
15 17 120
15 18 120
15 19 233
15 20 94
15 21 151
15 22 84
15 23 53
15 24 140
15 25 180
15 26 186
15 27 128
15 28 166
15 29 209
15 30 32
15 31 0
15 32 56
15 33 142
15 34 214
15 35 18
15 36 35
15 37 215
15 38 46
15 39 7
15 40 70
15 41 219
15 42 52
15 43 114
15 44 126
15 45 217
15 46 173
15 47 159
15 48 32
15 49 218
15 50 234
15 51 111
15 52 217
15 53 203
15 54 221
15 55 74
15 56 210
15 57 172
15 58 10
15 59 37
15 60 47
15 61 107
15 62 97
15 63 7
15 64 192
15 65 188
15 66 17
15 67 66
15 68 183
15 69 55
15 70 35
15 71 252
15 72 1073741824
15 73 64
15 74 148
15 75 8
15 76 49
15 77 229
15 78 6
15 79 88
15 80 18
15 81 250
15 82 132
15 83 1073741824
15 84 142
15 85 21
15 86 83
15 87 48
15 88 67
15 89 72
15 90 94
15 91 36
15 92 76
15 93 102
15 94 59
15 95 162
15 96 91
15 97 115
15 98 30
15 99 97
15 100 84
16 1 199
16 2 248
16 3 141
16 4 76
16 5 226
16 6 95
16 7 87
16 8 31
16 9 178
16 10 111
16 11 76
16 12 173
16 13 100
16 14 61
16 15 156
16 16 0
16 17 231
16 18 18
16 19 111
16 20 203
16 21 182
16 22 76
16 23 1073741824
16 24 109
16 25 49
16 26 171
16 27 59
16 28 181
16 29 44
16 30 187
16 31 9
16 32 142
16 33 251
16 34 75
16 35 126
16 36 35
16 37 134
16 38 152
16 39 1073741824
16 40 45
16 41 243
16 42 82
16 43 37
16 44 102
16 45 33
16 46 104
16 47 185
16 48 95
16 49 99
16 50 100
16 51 7
16 52 91
16 53 128
16 54 85
16 55 60
16 56 77
16 57 160
16 58 162
16 59 49
16 60 91
16 61 246
16 62 5
16 63 134
16 64 49
16 65 85
16 66 15
16 67 165
16 68 46
16 69 229
16 70 56
16 71 74
16 72 1073741824
16 73 174
16 74 243
16 75 14
16 76 117
16 77 154
16 78 61
16 79 36
16 80 146
16 81 72
16 82 94
16 83 80
16 84 156
16 85 152
16 86 157
16 87 38
16 88 17
16 89 57
16 90 59
16 91 220
16 92 145
16 93 112
16 94 31
16 95 198
16 96 218
16 97 152
16 98 134
16 99 77
16 100 166
17 1 91
17 2 47
17 3 13
17 4 114
17 5 18
17 6 97
17 7 147
17 8 149
17 9 102
17 10 212
17 11 217
17 12 33
17 13 158
17 14 100
17 15 120
17 16 231
17 17 0
17 18 127
17 19 80
17 20 67
17 21 191
17 22 240
17 23 197
17 24 1073741824
17 25 135
17 26 175
17 27 193
17 28 225
17 29 1073741824
17 30 25
17 31 234
17 32 1073741824
17 33 24
17 34 93
17 35 100
17 36 16
17 37 98
17 38 166
17 39 17
17 40 7
17 41 127
17 42 12
17 43 113
17 44 32
17 45 239
17 46 86
17 47 41
17 48 242
17 49 84
17 50 239
17 51 121
17 52 101
17 53 137
17 54 71
17 55 230
17 56 188
17 57 6
17 58 46
17 59 63
17 60 58
17 61 205
17 62 76
17 63 38
17 64 192
17 65 23
17 66 120
17 67 244
17 68 108
17 69 112
17 70 92
17 71 4
17 72 69
17 73 105
17 74 10
17 75 195
17 76 27
17 77 94
17 78 15
17 79 235
17 80 136
17 81 196
17 82 148
17 83 101
17 84 190
17 85 249
17 86 113
17 87 186
17 88 145
17 89 42
17 90 16
17 91 172
17 92 6
17 93 215
17 94 24
17 95 109
17 96 10
17 97 228
17 98 114
17 99 227
17 100 100
18 1 40
18 2 112
18 3 32
18 4 14
18 5 5
18 6 35
18 7 83
18 8 111
18 9 47
18 10 16
18 11 229
18 12 239
18 13 142
18 14 64
18 15 120
18 16 18
18 17 127
18 18 0
18 19 142
18 20 99
18 21 208
18 22 244
18 23 92
18 24 112
18 25 184
18 26 88
18 27 88
18 28 151
18 29 17
18 30 59
18 31 64
18 32 132
18 33 101
18 34 137
18 35 70
18 36 196
18 37 174
18 38 154
18 39 70
18 40 88
18 41 78
18 42 212
18 43 102
18 44 108
18 45 80
18 46 246
18 47 32
18 48 61
18 49 48
18 50 189
18 51 128
18 52 210
18 53 195
18 54 126
18 55 0
18 56 145
18 57 84
18 58 56
18 59 20
18 60 187
18 61 212
18 62 58
18 63 180
18 64 122
18 65 198
18 66 159
18 67 65
18 68 185
18 69 102
18 70 81
18 71 1073741824
18 72 61
18 73 140
18 74 45
18 75 95
18 76 143
18 77 34
18 78 108
18 79 201
18 80 68
18 81 166
18 82 27
18 83 222
18 84 47
18 85 149
18 86 51
18 87 168
18 88 227
18 89 231
18 90 95
18 91 129
18 92 189
18 93 252
18 94 4
18 95 153
18 96 154
18 97 113
18 98 107
18 99 18
18 100 216
19 1 59
19 2 42
19 3 39
19 4 231
19 5 220
19 6 106
19 7 3
19 8 22
19 9 123
19 10 98
19 11 29
19 12 109
19 13 197
19 14 13
19 15 233
19 16 111
19 17 80
19 18 142
19 19 0
19 20 96
19 21 159
19 22 125
19 23 130
19 24 27
19 25 238
19 26 209
19 27 133
19 28 27
19 29 216
19 30 22
19 31 57
19 32 176
19 33 27
19 34 132
19 35 55
19 36 68
19 37 49
19 38 225
19 39 174
19 40 151
19 41 35
19 42 210
19 43 190
19 44 119
19 45 42
19 46 144
19 47 89
19 48 144
19 49 140
19 50 173
19 51 128
19 52 221
19 53 127
19 54 171
19 55 69
19 56 83
19 57 119
19 58 153
19 59 155
19 60 83
19 61 226
19 62 176
19 63 104
19 64 177
19 65 221
19 66 63
19 67 28
19 68 153
19 69 101
19 70 13
19 71 16
19 72 155
19 73 14
19 74 0
19 75 137
19 76 59
19 77 124
19 78 167
19 79 113
19 80 98
19 81 131
19 82 53
19 83 4
19 84 59
19 85 88
19 86 88
19 87 51
19 88 51
19 89 108
19 90 115
19 91 205
19 92 97
19 93 223
19 94 114
19 95 47
19 96 108
19 97 187
19 98 150
19 99 181
19 100 109
20 1 41
20 2 7
20 3 161
20 4 176
20 5 182
20 6 162
20 7 193
20 8 85
20 9 156
20 10 217
20 11 240
20 12 1073741824
20 13 130
20 14 189
20 15 94
20 16 203
20 17 67
20 18 99
20 19 96
20 20 0
20 21 164
20 22 65
20 23 66
20 24 161
20 25 50
20 26 165
20 27 76
20 28 140
20 29 220
20 30 5
20 31 92
20 32 71
20 33 87
20 34 162
20 35 124
20 36 230
20 37 94
20 38 128
20 39 225
20 40 79
20 41 191
20 42 86
20 43 131
20 44 192
20 45 107
20 46 244
20 47 123
20 48 171
20 49 1073741824
20 50 171
20 51 162
20 52 131
20 53 65
20 54 228
20 55 1073741824
20 56 122
20 57 175
20 58 2
20 59 60
20 60 95
20 61 203
20 62 179
20 63 211
20 64 162
20 65 240
20 66 147
20 67 103
20 68 26
20 69 163
20 70 16
20 71 186
20 72 4
20 73 227
20 74 105
20 75 13
20 76 12
20 77 96
20 78 100
20 79 165
20 80 169
20 81 32
20 82 177
20 83 33
20 84 117
20 85 15
20 86 91
20 87 152
20 88 27
20 89 105
20 90 251
20 91 237
20 92 215
20 93 125
20 94 151
20 95 249
20 96 231
20 97 102
20 98 35
20 99 109
20 100 133
21 1 26
21 2 254
21 3 16
21 4 196
21 5 81
21 6 24
21 7 93
21 8 125
21 9 56
21 10 53
21 11 1073741824
21 12 88
21 13 65
21 14 206
21 15 151
21 16 182
21 17 191
21 18 208
21 19 159
21 20 164
21 21 0
21 22 136
21 23 88
21 24 147
21 25 95
21 26 62
21 27 184
21 28 116
21 29 97
21 30 223
21 31 252
21 32 241
21 33 31
21 34 32
21 35 206
21 36 112
21 37 9
21 38 43
21 39 172
21 40 191
21 41 137
21 42 239
21 43 110
21 44 20
21 45 220
21 46 79
21 47 1073741824
21 48 70
21 49 153
21 50 182
21 51 56
21 52 68
21 53 167
21 54 44
21 55 184
21 56 232
21 57 234
21 58 198
21 59 194
21 60 108
21 61 87
21 62 1
21 63 65
21 64 167
21 65 55
21 66 203
21 67 12
21 68 58
21 69 197
21 70 75
21 71 83
21 72 3
21 73 147
21 74 31
21 75 45
21 76 126
21 77 139
21 78 252
21 79 79
21 80 236
21 81 137
21 82 58
21 83 12
21 84 210
21 85 33
21 86 146
21 87 217
21 88 247
21 89 232
21 90 6
21 91 230
21 92 36
21 93 72
21 94 62
21 95 76
21 96 99
21 97 38
21 98 177
21 99 155
21 100 71
22 1 59
22 2 129
22 3 11
22 4 206
22 5 159
22 6 106
22 7 27
22 8 141
22 9 189
22 10 87
22 11 51
22 12 197
22 13 13
22 14 219
22 15 84
22 16 76
22 17 240
22 18 244
22 19 125
22 20 65
22 21 136
22 22 0
22 23 40
22 24 117
22 25 180
22 26 179
22 27 199
22 28 248
22 29 131
22 30 99
22 31 196
22 32 168
22 33 84
22 34 44
22 35 117
22 36 52
22 37 232
22 38 17
22 39 86
22 40 87
22 41 55
22 42 236
22 43 9
22 44 53
22 45 136
22 46 155
22 47 126
22 48 163
22 49 215
22 50 213
22 51 53
22 52 1073741824
22 53 134
22 54 183
22 55 125
22 56 111
22 57 162
22 58 61
22 59 132
22 60 191
22 61 11
22 62 226
22 63 39
22 64 40
22 65 221
22 66 144
22 67 76
22 68 184
22 69 108
22 70 55
22 71 75
22 72 1073741824
22 73 71
22 74 32
22 75 148
22 76 98
22 77 128
22 78 245
22 79 15
22 80 168
22 81 96
22 82 136
22 83 242
22 84 7
22 85 125
22 86 141
22 87 42
22 88 249
22 89 27
22 90 199
22 91 251
22 92 1073741824
22 93 110
22 94 104
22 95 46
22 96 55
22 97 209
22 98 128
22 99 137
22 100 170
23 1 63
23 2 118
23 3 53
23 4 179
23 5 174
23 6 27
23 7 117
23 8 91
23 9 150
23 10 12
23 11 230
23 12 71
23 13 84
23 14 37
23 15 53
23 16 1073741824
23 17 197
23 18 92
23 19 130
23 20 66
23 21 88
23 22 40
23 23 0
23 24 10
23 25 87
23 26 49
23 27 47
23 28 107
23 29 64
23 30 31
23 31 106
23 32 40
23 33 216
23 34 40
23 35 43
23 36 20
23 37 68
23 38 119
23 39 45
23 40 106
23 41 183
23 42 25
23 43 44
23 44 33
23 45 115
23 46 133
23 47 87
23 48 57
23 49 142
23 50 133
23 51 226
23 52 237
23 53 192
23 54 157
23 55 42
23 56 181
23 57 43
23 58 79
23 59 219
23 60 198
23 61 245
23 62 180
23 63 131
23 64 5
23 65 147
23 66 151
23 67 172
23 68 37
23 69 112
23 70 158
23 71 15
23 72 191
23 73 171
23 74 148
23 75 127
23 76 161
23 77 46
23 78 142
23 79 203
23 80 143
23 81 166
23 82 92
23 83 51
23 84 4
23 85 137
23 86 62
23 87 127
23 88 92
23 89 81
23 90 57
23 91 211
23 92 207
23 93 183
23 94 60
23 95 53
23 96 36
23 97 55
23 98 116
23 99 139
23 100 15
24 1 54
24 2 233
24 3 30
24 4 176
24 5 30
24 6 186
24 7 71
24 8 160
24 9 206
24 10 129
24 11 84
24 12 79
24 13 81
24 14 211
24 15 140
24 16 109
24 17 1073741824
24 18 112
24 19 27
24 20 161
24 21 147
24 22 117
24 23 10
24 24 0
24 25 95
24 26 55
24 27 144
24 28 77
24 29 200
24 30 247
24 31 232
24 32 226
24 33 172
24 34 102
24 35 235
24 36 71
24 37 148
24 38 142
24 39 120
24 40 122
24 41 115
24 42 183
24 43 69
24 44 42
24 45 19
24 46 238
24 47 113
24 48 224
24 49 52
24 50 68
24 51 22
24 52 135
24 53 139
24 54 15
24 55 59
24 56 32
24 57 59
24 58 247
24 59 32
24 60 211
24 61 205
24 62 115
24 63 216
24 64 160
24 65 222
24 66 113
24 67 248
24 68 227
24 69 151
24 70 204
24 71 125
24 72 9
24 73 8
24 74 194
24 75 172
24 76 227
24 77 157
24 78 252
24 79 50
24 80 11
24 81 10
24 82 141
24 83 186
24 84 203
24 85 167
24 86 171
24 87 12
24 88 102
24 89 63
24 90 129
24 91 71
24 92 169
24 93 68
24 94 226
24 95 134
24 96 203
24 97 174
24 98 215
24 99 13
24 100 134
25 1 57
25 2 145
25 3 87
25 4 239
25 5 1
25 6 217
25 7 140
25 8 85
25 9 33
25 10 73
25 11 44
25 12 147
25 13 164
25 14 82
25 15 180
25 16 49
25 17 135
25 18 184
25 19 238
25 20 50
25 21 95
25 22 180
25 23 87
25 24 95
25 25 0
25 26 195
25 27 98
25 28 112
25 29 41
25 30 122
25 31 35
25 32 84
25 33 46
25 34 114
25 35 84
25 36 65
25 37 18
25 38 189
25 39 36
25 40 21
25 41 8
25 42 100
25 43 237
25 44 0
25 45 80
25 46 5
25 47 195
25 48 64
25 49 55
25 50 70
25 51 52
25 52 241
25 53 255
25 54 185
25 55 2
25 56 87
25 57 235
25 58 254
25 59 93
25 60 119
25 61 0
25 62 33
25 63 27
25 64 182
25 65 157
25 66 35
25 67 12
25 68 161
25 69 8
25 70 184
25 71 109
25 72 157
25 73 83
25 74 186
25 75 33
25 76 162
25 77 243
25 78 43
25 79 174
25 80 166
25 81 101
25 82 166
25 83 35
25 84 126
25 85 43
25 86 190
25 87 205
25 88 123
25 89 60
25 90 89
25 91 173
25 92 196
25 93 139
25 94 244
25 95 21
25 96 14
25 97 237
25 98 237
25 99 201
25 100 198
26 1 147
26 2 198
26 3 155
26 4 161
26 5 179
26 6 65
26 7 142
26 8 157
26 9 233
26 10 94
26 11 6
26 12 72
26 13 78
26 14 126
26 15 186
26 16 171
26 17 175
26 18 88
26 19 209
26 20 165
26 21 62
26 22 179
26 23 49
26 24 55
26 25 195
26 26 0
26 27 42
26 28 211
26 29 105
26 30 160
26 31 201
26 32 72
26 33 125
26 34 159
26 35 64
26 36 135
26 37 183
26 38 21
26 39 22
26 40 251
26 41 247
26 42 25
26 43 206
26 44 161
26 45 127
26 46 33
26 47 127
26 48 71
26 49 254
26 50 75
26 51 191
26 52 30
26 53 171
26 54 96
26 55 123
26 56 229
26 57 164
26 58 28
26 59 46
26 60 50
26 61 135
26 62 59
26 63 70
26 64 73
26 65 173
26 66 13
26 67 170
26 68 108
26 69 95
26 70 159
26 71 175
26 72 215
26 73 131
26 74 78
26 75 57
26 76 164
26 77 26
26 78 12
26 79 234
26 80 234
26 81 46
26 82 209
26 83 1073741824
26 84 182
26 85 77
26 86 43
26 87 31
26 88 148
26 89 126
26 90 153
26 91 169
26 92 2
26 93 165
26 94 37
26 95 236
26 96 243
26 97 144
26 98 124
26 99 70
26 100 72
27 1 120
27 2 116
27 3 5
27 4 52
27 5 37
27 6 185
27 7 109
27 8 72
27 9 206
27 10 53
27 11 218
27 12 169
27 13 127
27 14 113
27 15 128
27 16 59
27 17 193
27 18 88
27 19 133
27 20 76
27 21 184
27 22 199
27 23 47
27 24 144
27 25 98
27 26 42
27 27 0
27 28 1073741824
27 29 25
27 30 255
27 31 212
27 32 25
27 33 3
27 34 51
27 35 135
27 36 155
27 37 53
27 38 137
27 39 44
27 40 50
27 41 87
27 42 99
27 43 149
27 44 157
27 45 30
27 46 160
27 47 163
27 48 232
27 49 6
27 50 51
27 51 126
27 52 195
27 53 224
27 54 100
27 55 172
27 56 61
27 57 83
27 58 44
27 59 22
27 60 219
27 61 239
27 62 108
27 63 190
27 64 4
27 65 249
27 66 150
27 67 75
27 68 179
27 69 47
27 70 124
27 71 242
27 72 103
27 73 158
27 74 115
27 75 230
27 76 46
27 77 82
27 78 240
27 79 119
27 80 26
27 81 113
27 82 113
27 83 147
27 84 45
27 85 128
27 86 158
27 87 235
27 88 64
27 89 34
27 90 199
27 91 70
27 92 34
27 93 92
27 94 238
27 95 75
27 96 205
27 97 254
27 98 190
27 99 168
27 100 153
28 1 49
28 2 233
28 3 148
28 4 187
28 5 18
28 6 69
28 7 12
28 8 14
28 9 133
28 10 164
28 11 89
28 12 56
28 13 121
28 14 47
28 15 166
28 16 181
28 17 225
28 18 151
28 19 27
28 20 140
28 21 116
28 22 248
28 23 107
28 24 77
28 25 112
28 26 211
28 27 1073741824
28 28 0
28 29 29
28 30 102
28 31 198
28 32 28
28 33 90
28 34 1073741824
28 35 98
28 36 126
28 37 176
28 38 26
28 39 186
28 40 65
28 41 106
28 42 211
28 43 48
28 44 7
28 45 44
28 46 223
28 47 21
28 48 220
28 49 104
28 50 153
28 51 1073741824
28 52 16
28 53 12
28 54 95
28 55 18
28 56 76
28 57 229
28 58 24
28 59 20
28 60 235
28 61 142
28 62 52
28 63 79
28 64 1073741824
28 65 105
28 66 11
28 67 145
28 68 57
28 69 71
28 70 49
28 71 194
28 72 95
28 73 38
28 74 69
28 75 152
28 76 125
28 77 132
28 78 14
28 79 7
28 80 208
28 81 224
28 82 208
28 83 247
28 84 220
28 85 42
28 86 100
28 87 208
28 88 28
28 89 128
28 90 51
28 91 95
28 92 131
28 93 166
28 94 251
28 95 129
28 96 166
28 97 167
28 98 91
28 99 8
28 100 170
29 1 102
29 2 10
29 3 84
29 4 139
29 5 23
29 6 22
29 7 187
29 8 225
29 9 20
29 10 134
29 11 159
29 12 221
29 13 124
29 14 91
29 15 209
29 16 44
29 17 1073741824
29 18 17
29 19 216
29 20 220
29 21 97
29 22 131
29 23 64
29 24 200
29 25 41
29 26 105
29 27 25
29 28 29
29 29 0
29 30 137
29 31 168
29 32 22
29 33 149
29 34 175
29 35 176
29 36 1
29 37 53
29 38 79
29 39 220
29 40 65
29 41 117
29 42 130
29 43 84
29 44 76
29 45 2
29 46 13
29 47 183
29 48 179
29 49 87
29 50 176
29 51 38
29 52 47
29 53 86
29 54 208
29 55 249
29 56 1073741824
29 57 159
29 58 6
29 59 171
29 60 72
29 61 178
29 62 34
29 63 212
29 64 81
29 65 23
29 66 31
29 67 54
29 68 201
29 69 99
29 70 6
29 71 104
29 72 28
29 73 198
29 74 56
29 75 111
29 76 112
29 77 8
29 78 84
29 79 61
29 80 214
29 81 174
29 82 97
29 83 106
29 84 72
29 85 9
29 86 110
29 87 172
29 88 190
29 89 54
29 90 42
29 91 187
29 92 79
29 93 249
29 94 228
29 95 143
29 96 18
29 97 244
29 98 169
29 99 227
29 100 112
30 1 157
30 2 97
30 3 93
30 4 17
30 5 122
30 6 61
30 7 6
30 8 105
30 9 142
30 10 204
30 11 222
30 12 205
30 13 51
30 14 71
30 15 32
30 16 187
30 17 25
30 18 59
30 19 22
30 20 5
30 21 223
30 22 99
30 23 31
30 24 247
30 25 122
30 26 160
30 27 255
30 28 102
30 29 137
30 30 0
30 31 132
30 32 162
30 33 174
30 34 44
30 35 156
30 36 17
30 37 121
30 38 163
30 39 73
30 40 236
30 41 135
30 42 157
30 43 183
30 44 99
30 45 194
30 46 203
30 47 247
30 48 0
30 49 87
30 50 18
30 51 199
30 52 23
30 53 201
30 54 59
30 55 136
30 56 115
30 57 107
30 58 20
30 59 157
30 60 2
30 61 77
30 62 114
30 63 196
30 64 182
30 65 227
30 66 220
30 67 48
30 68 116
30 69 243
30 70 148
30 71 27
30 72 208
30 73 161
30 74 238
30 75 93
30 76 37
30 77 70
30 78 119
30 79 77
30 80 175
30 81 125
30 82 100
30 83 195
30 84 46
30 85 16
30 86 118
30 87 82
30 88 246
30 89 43
30 90 185
30 91 93
30 92 188
30 93 186
30 94 175
30 95 232
30 96 5
30 97 46
30 98 88
30 99 203
30 100 236
31 1 129
31 2 15
31 3 183
31 4 202
31 5 140
31 6 74
31 7 88
31 8 175
31 9 187
31 10 241
31 11 38
31 12 84
31 13 245
31 14 47
31 15 0
31 16 9
31 17 234
31 18 64
31 19 57
31 20 92
31 21 252
31 22 196
31 23 106
31 24 232
31 25 35
31 26 201
31 27 212
31 28 198
31 29 168
31 30 132
31 31 0
31 32 210
31 33 75
31 34 238
31 35 160
31 36 107
31 37 43
31 38 125
31 39 109
31 40 162
31 41 13
31 42 71
31 43 122
31 44 5
31 45 172
31 46 226
31 47 239
31 48 133
31 49 97
31 50 193
31 51 20
31 52 160
31 53 57
31 54 107
31 55 34
31 56 143
31 57 33
31 58 202
31 59 145
31 60 179
31 61 40
31 62 96
31 63 142
31 64 151
31 65 224
31 66 121
31 67 202
31 68 53
31 69 3
31 70 50
31 71 55
31 72 221
31 73 152
31 74 57
31 75 0
31 76 240
31 77 10
31 78 132
31 79 1073741824
31 80 16
31 81 185
31 82 216
31 83 43
31 84 15
31 85 55
31 86 153
31 87 71
31 88 11
31 89 168
31 90 146
31 91 186
31 92 20
31 93 92
31 94 161
31 95 249
31 96 254
31 97 127
31 98 190
31 99 108
31 100 30
32 1 49
32 2 169
32 3 218
32 4 47
32 5 49
32 6 60
32 7 88
32 8 37
32 9 221
32 10 70
32 11 238
32 12 223
32 13 94
32 14 1073741824
32 15 56
32 16 142
32 17 1073741824
32 18 132
32 19 176
32 20 71
32 21 241
32 22 168
32 23 40
32 24 226
32 25 84
32 26 72
32 27 25
32 28 28
32 29 22
32 30 162
32 31 210
32 32 0
32 33 82
32 34 86
32 35 251
32 36 2
32 37 47
32 38 212
32 39 160
32 40 174
32 41 10
32 42 92
32 43 68
32 44 62
32 45 117
32 46 246
32 47 82
32 48 201
32 49 84
32 50 199
32 51 9
32 52 124
32 53 230
32 54 102
32 55 193
32 56 133
32 57 235
32 58 87
32 59 128
32 60 124
32 61 215
32 62 95
32 63 15
32 64 18
32 65 209
32 66 60
32 67 43
32 68 88
32 69 145
32 70 154
32 71 90
32 72 98
32 73 137
32 74 66
32 75 149
32 76 202
32 77 186
32 78 30
32 79 31
32 80 114
32 81 79
32 82 15
32 83 240
32 84 210
32 85 173
32 86 1073741824
32 87 87
32 88 26
32 89 190
32 90 114
32 91 96
32 92 71
32 93 50
32 94 41
32 95 151
32 96 65
32 97 211
32 98 233
32 99 132
32 100 137
33 1 76
33 2 65
33 3 89
33 4 182
33 5 177
33 6 175
33 7 139
33 8 39
33 9 151
33 10 253
33 11 67
33 12 141
33 13 72
33 14 107
33 15 142
33 16 251
33 17 24
33 18 101
33 19 27
33 20 87
33 21 31
33 22 84
33 23 216
33 24 172
33 25 46
33 26 125
33 27 3
33 28 90
33 29 149
33 30 174
33 31 75
33 32 82
33 33 0
33 34 176
33 35 6
33 36 165
33 37 45
33 38 126
33 39 250
33 40 100
33 41 129
33 42 168
33 43 44
33 44 138
33 45 242
33 46 71
33 47 170
33 48 31
33 49 67
33 50 94
33 51 215
33 52 175
33 53 104
33 54 44
33 55 147
33 56 233
33 57 175
33 58 3
33 59 90
33 60 142
33 61 116
33 62 176
33 63 230
33 64 219
33 65 159
33 66 183
33 67 130
33 68 5
33 69 28
33 70 214
33 71 74
33 72 9
33 73 218
33 74 213
33 75 34
33 76 9
33 77 126
33 78 62
33 79 138
33 80 23
33 81 220
33 82 42
33 83 190
33 84 142
33 85 164
33 86 206
33 87 105
33 88 45
33 89 108
33 90 0
33 91 171
33 92 174
33 93 8
33 94 23
33 95 143
33 96 68
33 97 65
33 98 15
33 99 37
33 100 31
34 1 104
34 2 129
34 3 233
34 4 248
34 5 150
34 6 126
34 7 221
34 8 24
34 9 191
34 10 28
34 11 14
34 12 21
34 13 218
34 14 121
34 15 214
34 16 75
34 17 93
34 18 137
34 19 132
34 20 162
34 21 32
34 22 44
34 23 40
34 24 102
34 25 114
34 26 159
34 27 51
34 28 1073741824
34 29 175
34 30 44
34 31 238
34 32 86
34 33 176
34 34 0
34 35 71
34 36 65
34 37 77
34 38 124
34 39 249
34 40 141
34 41 14
34 42 86
34 43 176
34 44 237
34 45 224
34 46 239
34 47 108
34 48 102
34 49 37
34 50 228
34 51 251
34 52 166
34 53 1073741824
34 54 70
34 55 39
34 56 67
34 57 151
34 58 145
34 59 144
34 60 15
34 61 56
34 62 1073741824
34 63 65
34 64 122
34 65 141
34 66 25
34 67 12
34 68 21
34 69 106
34 70 200
34 71 252
34 72 80
34 73 46
34 74 99
34 75 163
34 76 182
34 77 181
34 78 196
34 79 149
34 80 163
34 81 37
34 82 52
34 83 72
34 84 228
34 85 46
34 86 204
34 87 64
34 88 70
34 89 66
34 90 112
34 91 96
34 92 73
34 93 60
34 94 81
34 95 212
34 96 192
34 97 124
34 98 112
34 99 131
34 100 188
35 1 205
35 2 136
35 3 186
35 4 29
35 5 202
35 6 235
35 7 98
35 8 216
35 9 148
35 10 182
35 11 79
35 12 142
35 13 130
35 14 229
35 15 18
35 16 126
35 17 100
35 18 70
35 19 55
35 20 124
35 21 206
35 22 117
35 23 43
35 24 235
35 25 84
35 26 64
35 27 135
35 28 98
35 29 176
35 30 156
35 31 160
35 32 251
35 33 6
35 34 71
35 35 0
35 36 137
35 37 101
35 38 46
35 39 191
35 40 222
35 41 222
35 42 223
35 43 152
35 44 189
35 45 117
35 46 169
35 47 207
35 48 111
35 49 47
35 50 28
35 51 113
35 52 252
35 53 58
35 54 10
35 55 34
35 56 110
35 57 107
35 58 108
35 59 174
35 60 117
35 61 255
35 62 37
35 63 137
35 64 150
35 65 16
35 66 44
35 67 223
35 68 224
35 69 151
35 70 88
35 71 92
35 72 254
35 73 89
35 74 83
35 75 29
35 76 246
35 77 112
35 78 114
35 79 246
35 80 127
35 81 255
35 82 16
35 83 24
35 84 60
35 85 100
35 86 173
35 87 160
35 88 16
35 89 159
35 90 137
35 91 181
35 92 28
35 93 225
35 94 237
35 95 220
35 96 34
35 97 92
35 98 253
35 99 172
35 100 103
36 1 218
36 2 70
36 3 150
36 4 233
36 5 120
36 6 85
36 7 133
36 8 115
36 9 84
36 10 246
36 11 206
36 12 194
36 13 85
36 14 217
36 15 35
36 16 35
36 17 16
36 18 196
36 19 68
36 20 230
36 21 112
36 22 52
36 23 20
36 24 71
36 25 65
36 26 135
36 27 155
36 28 126
36 29 1
36 30 17
36 31 107
36 32 2
36 33 165
36 34 65
36 35 137
36 36 0
36 37 88
36 38 21
36 39 73
36 40 122
36 41 18
36 42 233
36 43 200
36 44 187
36 45 29
36 46 197
36 47 89
36 48 24
36 49 162
36 50 178
36 51 217
36 52 163
36 53 182
36 54 110
36 55 103
36 56 45
36 57 49
36 58 203
36 59 164
36 60 44
36 61 116
36 62 187
36 63 97
36 64 11
36 65 47
36 66 150
36 67 95
36 68 126
36 69 122
36 70 90
36 71 94
36 72 229
36 73 37
36 74 19
36 75 124
36 76 208
36 77 186
36 78 69
36 79 164
36 80 99
36 81 82
36 82 32
36 83 255
36 84 12
36 85 20
36 86 228
36 87 186
36 88 139
36 89 191
36 90 50
36 91 103
36 92 111
36 93 211
36 94 129
36 95 74
36 96 143
36 97 170
36 98 215
36 99 26
36 100 103
37 1 172
37 2 78
37 3 254
37 4 207
37 5 176
37 6 59
37 7 115
37 8 141
37 9 123
37 10 125
37 11 138
37 12 47
37 13 147
37 14 217
37 15 215
37 16 134
37 17 98
37 18 174
37 19 49
37 20 94
37 21 9
37 22 232
37 23 68
37 24 148
37 25 18
37 26 183
37 27 53
37 28 176
37 29 53
37 30 121
37 31 43
37 32 47
37 33 45
37 34 77
37 35 101
37 36 88
37 37 0
37 38 209
37 39 42
37 40 158
37 41 175
37 42 153
37 43 33
37 44 41
37 45 170
37 46 138
37 47 184
37 48 152
37 49 182
37 50 195
37 51 48
37 52 249
37 53 80
37 54 108
37 55 155
37 56 49
37 57 241
37 58 181
37 59 151
37 60 163
37 61 100
37 62 177
37 63 70
37 64 236
37 65 140
37 66 87
37 67 142
37 68 152
37 69 95
37 70 158
37 71 152
37 72 17
37 73 33
37 74 224
37 75 46
37 76 62
37 77 56
37 78 242
37 79 125
37 80 73
37 81 211
37 82 78
37 83 241
37 84 200
37 85 116
37 86 212
37 87 122
37 88 31
37 89 52
37 90 221
37 91 199
37 92 125
37 93 79
37 94 8
37 95 147
37 96 95
37 97 242
37 98 149
37 99 217
37 100 188
38 1 99
38 2 43
38 3 150
38 4 193
38 5 239
38 6 215
38 7 166
38 8 80
38 9 186
38 10 147
38 11 117
38 12 96
38 13 124
38 14 1073741824
38 15 46
38 16 152
38 17 166
38 18 154
38 19 225
38 20 128
38 21 43
38 22 17
38 23 119
38 24 142
38 25 189
38 26 21
38 27 137
38 28 26
38 29 79
38 30 163
38 31 125
38 32 212
38 33 126
38 34 124
38 35 46
38 36 21
38 37 209
38 38 0
38 39 9
38 40 159
38 41 254
38 42 236
38 43 3
38 44 30
38 45 109
38 46 83
38 47 79
38 48 18
38 49 172
38 50 210
38 51 31
38 52 78
38 53 10
38 54 139
38 55 35
38 56 99
38 57 114
38 58 153
38 59 93
38 60 132
38 61 84
38 62 1073741824
38 63 119
38 64 203
38 65 80
38 66 142
38 67 142
38 68 173
38 69 44
38 70 53
38 71 48
38 72 114
38 73 44
38 74 92
38 75 9
38 76 151
38 77 65
38 78 69
38 79 134
38 80 100
38 81 55
38 82 207
38 83 20
38 84 163
38 85 129
38 86 145
38 87 181
38 88 84
38 89 85
38 90 107
38 91 27
38 92 22
38 93 70
38 94 116
38 95 1073741824
38 96 143
38 97 162
38 98 79
38 99 61
38 100 41
39 1 46
39 2 242
39 3 128
39 4 48
39 5 150
39 6 30
39 7 73
39 8 130
39 9 65
39 10 204
39 11 226
39 12 46
39 13 116
39 14 194
39 15 7
39 16 1073741824
39 17 17
39 18 70
39 19 174
39 20 225
39 21 172
39 22 86
39 23 45
39 24 120
39 25 36
39 26 22
39 27 44
39 28 186
39 29 220
39 30 73
39 31 109
39 32 160
39 33 250
39 34 249
39 35 191
39 36 73
39 37 42
39 38 9
39 39 0
39 40 34
39 41 16
39 42 115
39 43 4
39 44 161
39 45 200
39 46 99
39 47 215
39 48 74
39 49 68
39 50 100
39 51 202
39 52 178
39 53 174
39 54 238
39 55 142
39 56 58
39 57 191
39 58 213
39 59 91
39 60 107
39 61 163
39 62 20
39 63 188
39 64 79
39 65 170
39 66 93
39 67 254
39 68 23
39 69 67
39 70 12
39 71 89
39 72 181
39 73 56
39 74 32
39 75 69
39 76 63
39 77 158
39 78 235
39 79 177
39 80 160
39 81 50
39 82 90
39 83 81
39 84 101
39 85 118
39 86 238
39 87 64
39 88 113
39 89 114
39 90 81
39 91 166
39 92 108
39 93 228
39 94 228
39 95 26
39 96 123
39 97 9
39 98 5
39 99 138
39 100 51
40 1 28
40 2 18
40 3 185
40 4 4
40 5 36
40 6 137
40 7 113
40 8 169
40 9 47
40 10 172
40 11 168
40 12 83
40 13 184
40 14 178
40 15 70
40 16 45
40 17 7
40 18 88
40 19 151
40 20 79
40 21 191
40 22 87
40 23 106
40 24 122
40 25 21
40 26 251
40 27 50
40 28 65
40 29 65
40 30 236
40 31 162
40 32 174
40 33 100
40 34 141
40 35 222
40 36 122
40 37 158
40 38 159
40 39 34
40 40 0
40 41 32
40 42 89
40 43 78
40 44 30
40 45 229
40 46 1
40 47 68
40 48 20
40 49 8
40 50 72
40 51 5
40 52 179
40 53 153
40 54 106
40 55 104
40 56 172
40 57 72
40 58 45
40 59 21
40 60 157
40 61 68
40 62 201
40 63 147
40 64 246
40 65 95
40 66 70
40 67 71
40 68 115
40 69 247
40 70 139
40 71 72
40 72 44
40 73 131
40 74 177
40 75 46
40 76 26
40 77 117
40 78 64
40 79 6
40 80 44
40 81 186
40 82 14
40 83 177
40 84 37
40 85 44
40 86 75
40 87 46
40 88 74
40 89 90
40 90 141
40 91 209
40 92 63
40 93 208
40 94 215
40 95 182
40 96 128
40 97 254
40 98 250
40 99 153
40 100 156
41 1 94
41 2 87
41 3 31
41 4 230
41 5 7
41 6 159
41 7 232
41 8 181
41 9 45
41 10 172
41 11 188
41 12 206
41 13 142
41 14 93
41 15 219
41 16 243
41 17 127
41 18 78
41 19 35
41 20 191
41 21 137
41 22 55
41 23 183
41 24 115
41 25 8
41 26 247
41 27 87
41 28 106
41 29 117
41 30 135
41 31 13
41 32 10
41 33 129
41 34 14
41 35 222
41 36 18
41 37 175
41 38 254
41 39 16
41 40 32
41 41 0
41 42 88
41 43 127
41 44 231
41 45 124
41 46 76
41 47 14
41 48 246
41 49 169
41 50 206
41 51 225
41 52 13
41 53 125
41 54 122
41 55 67
41 56 31
41 57 98
41 58 79
41 59 67
41 60 239
41 61 189
41 62 13
41 63 91
41 64 26
41 65 14
41 66 14
41 67 177
41 68 218
41 69 175
41 70 114
41 71 240
41 72 22
41 73 77
41 74 121
41 75 37
41 76 80
41 77 165
41 78 175
41 79 97
41 80 209
41 81 247
41 82 164
41 83 131
41 84 164
41 85 92
41 86 1073741824
41 87 236
41 88 228
41 89 111
41 90 202
41 91 11
41 92 188
41 93 188
41 94 125
41 95 123
41 96 23
41 97 115
41 98 232
41 99 127
41 100 178
42 1 159
42 2 92
42 3 40
42 4 1073741824
42 5 150
42 6 210
42 7 8
42 8 237
42 9 140
42 10 171
42 11 37
42 12 93
42 13 13
42 14 112
42 15 52
42 16 82
42 17 12
42 18 212
42 19 210
42 20 86
42 21 239
42 22 236
42 23 25
42 24 183
42 25 100
42 26 25
42 27 99
42 28 211
42 29 130
42 30 157
42 31 71
42 32 92
42 33 168
42 34 86
42 35 223
42 36 233
42 37 153
42 38 236
42 39 115
42 40 89
42 41 88
42 42 0
42 43 231
42 44 109
42 45 37
42 46 82
42 47 56
42 48 177
42 49 192
42 50 124
42 51 29
42 52 35
42 53 73
42 54 215
42 55 59
42 56 60
42 57 145
42 58 31
42 59 80
42 60 213
42 61 171
42 62 213
42 63 137
42 64 107
42 65 56
42 66 78
42 67 38
42 68 186
42 69 242
42 70 181
42 71 150
42 72 113
42 73 37
42 74 40
42 75 234
42 76 115
42 77 106
42 78 188
42 79 87
42 80 197
42 81 84
42 82 109
42 83 135
42 84 46
42 85 254
42 86 47
42 87 25
42 88 1
42 89 185
42 90 61
42 91 40
42 92 125
42 93 128
42 94 13
42 95 166
42 96 171
42 97 231
42 98 185
42 99 132
42 100 112
43 1 228
43 2 161
43 3 154
43 4 241
43 5 118
43 6 21
43 7 86
43 8 247
43 9 20
43 10 67
43 11 80
43 12 161
43 13 49
43 14 98
43 15 114
43 16 37
43 17 113
43 18 102
43 19 190
43 20 131
43 21 110
43 22 9
43 23 44
43 24 69
43 25 237
43 26 206
43 27 149
43 28 48
43 29 84
43 30 183
43 31 122
43 32 68
43 33 44
43 34 176
43 35 152
43 36 200
43 37 33
43 38 3
43 39 4
43 40 78
43 41 127
43 42 231
43 43 0
43 44 82
43 45 92
43 46 200
43 47 240
43 48 204
43 49 174
43 50 34
43 51 15
43 52 49
43 53 123
43 54 240
43 55 90
43 56 131
43 57 206
43 58 130
43 59 18
43 60 102
43 61 134
43 62 17
43 63 124
43 64 232
43 65 91
43 66 34
43 67 241
43 68 136
43 69 111
43 70 27
43 71 148
43 72 101
43 73 46
43 74 41
43 75 69
43 76 57
43 77 138
43 78 134
43 79 109
43 80 118
43 81 190
43 82 120
